[-63.64331606 -63.32139405 -80.78291555 -80.4556412  -80.12362635
 -79.78683166 -79.44523524 -79.09883058 -78.74762982 -78.39167363
 -78.03102581 -77.665795   -77.29612512 -76.92221608 -76.54432502
 -76.16278174 -75.77800588 -75.3905106  -75.00092902 -74.61003067
 -74.21873851 -73.82815355 -73.43958027 -73.05453959 -72.67479773
 -72.30237694 -71.93956776 -71.58892409 -71.25325608 -70.93559602
 -70.63915452 -70.36724999 -70.12322444 -69.91033564 -69.73163819
 -69.58985926 -69.48727157 -69.42558274 -69.40584605 -69.42840262
 -69.49286273 -69.59812715 -69.74244772 -69.92351728 -70.13858328
 -70.38457351 -70.6582208  -70.95618154 -71.27514248 -71.61190285
 -71.96344279 -72.32697104 -72.69994904 -73.08010478 -73.46543312
 -73.85418634 -74.24485582 -74.63615431 -75.02699208 -75.41645556
 -75.80378861 -76.18836417 -76.56967395 -76.94730941 -77.32094358
 -77.69032141 -77.91854558 -77.89901326 -77.87944334 -77.85983573
 -77.8401903  -77.82050694 -77.80078554 -77.78102599 -77.76122818
 -77.74139199 -77.7215173  -77.70160402 -77.68165202 -77.66166119]
[-64.36684215 -64.02115615 -63.67036131 -63.31439885 -62.95320435
 -62.5867321  -62.2149433  -61.83781459 -79.24378753 -78.85886774
 -78.46768207 -78.07022244 -77.66651609 -77.25663327 -76.84070011
 -76.4189076  -75.99152583 -75.55892817 -75.12160358 -74.68018892
 -74.2354925  -73.78852976 -73.34056117 -72.89313106 -72.44811151
 -72.00774765 -71.57469385 -71.15204465 -70.74335374 -70.35262405
 -69.98426943 -69.64303805 -69.33388793 -69.06182197 -68.83167603
 -68.64788078 -68.51421128 -68.43355147 -68.40770027 -68.43724328
 -68.52151124 -68.65862867 -68.84564501 -69.07873395 -69.35342953
 -69.66487808 -70.00807373 -70.37806702 -70.77012957 -71.17987186
 -71.60332118 -72.03695514 -72.47770779 -72.92295353 -73.37047384
 -73.8184205  -74.26526838 -74.70977454 -75.15093993 -75.58796674
 -76.02022971 -76.4472475  -76.86865738 -77.28419075 -77.693664
 -77.91917031 -77.89959039 -77.87997244 -77.86031634 -77.84062199
 -77.82088925 -77.80111802 -77.78130818 -77.76145961 -77.74157219
 -77.72164581 -77.70168035 -77.6816757  -77.66163172 -77.64154831]
[-65.41862368 -65.04843626 -64.67192293 -64.28893614 -63.89935065
 -63.50302966 -63.09985203 -62.68969167 -62.27245824 -61.8480509
 -61.41640101 -60.97746613 -60.53122759 -77.86283553 -77.40642679
 -76.94159884 -76.46842143 -75.98705196 -75.4977522  -75.00092712
 -74.49715065 -73.98721344 -73.47217326 -72.95341651 -72.43272705
 -71.91237309 -71.39518979 -70.88467113 -70.38505133 -69.90137064
 -69.43949131 -69.00606367 -68.6083935  -68.25421181 -67.95132581
 -67.70716771 -67.52827654 -67.41977407 -67.38490942 -67.42474939
 -67.5380755  -67.72150258 -67.9697984  -68.27634812 -68.63367829
 -69.03397384 -69.46952218 -69.93305607 -70.4179751  -70.91847017
 -71.42955762 -71.94705369 -72.46751134 -72.98813581 -73.50669638
 -74.02143405 -74.53099063 -75.03432452 -75.53066238 -76.01944242
 -76.50027353 -76.97289585 -77.43716404 -77.89300965 -77.920191
 -77.90056529 -77.88090112 -77.86119837 -77.84145693 -77.82167667
 -77.80185747 -77.7819992  -77.76210176 -77.74216501 -77.72218884
 -77.70217313 -77.68211774 -77.66202256 -77.64188746 -77.62171232]
[-66.9636528  -66.56926573 -66.16718643 -65.75716509 -65.33897522
 -64.9123777  -64.47713257 -64.03299668 -63.57972982 -63.11710519
 -62.64488483 -62.16287334 -61.67086548 -61.16869677 -60.65624426
 -60.13341101 -59.60017428 -59.05658116 -58.50278844 -75.72413637
 -75.15611178 -74.57712614 -73.98786149 -73.38932454 -72.78296197
 -72.17076799 -71.55543296 -70.94051078 -70.33061167 -69.7315991
 -69.15076326 -68.59694129 -68.08050656 -67.6131671  -67.20748383
 -66.87609652 -66.63066491 -66.4806715  -66.43228798 -66.48756863
 -66.64416889 -66.89566542 -67.23239389 -67.64259199 -68.11359506
 -68.63287769 -69.18881018 -69.77111784 -70.37106792 -70.98147019
 -71.59655004 -72.21177649 -72.82365654 -73.42955216 -74.02750942
 -74.61611543 -75.19438655 -75.76166246 -76.31754185 -76.86181609
 -77.3944245  -77.91541419 -77.94123832 -77.92160738 -77.90193769
 -77.88222913 -77.86248157 -77.84269489 -77.82286896 -77.80300366
 -77.78309887 -77.76315445 -77.74317028 -77.72314624 -77.70308219
 -77.68297802 -77.66283358 -77.64264877 -77.62242344 -77.60215747]
[-75.50753224 -75.30215525 -75.0925503  -85.37633285 -84.95117654
 -84.51624631 -66.67106458 -66.19435084 -65.70622134 -65.20625844
 -64.6940171  -64.1690537  -63.63092323 -63.07919009 -62.51342595
 -61.93321925 -61.33819767 -60.72803579 -60.10248664 -59.46140431
 -58.80478797 -58.13281718 -57.44593123 -56.74490657 -73.80314328
 -73.08845751 -72.36213004 -71.62732753 -70.88853997 -70.15195262
 -69.42586849 -68.72115033 -68.05155628 -67.43384263 -66.88740241
 -66.43318963 -66.09182045 -65.88096852 -65.81257725 -65.89070242
 -66.11071888 -66.46022058 -66.92125026 -67.47309334 -68.09484956
 -68.76727849 -69.4738177  -70.20091136 -70.93787915 -71.67657063
 -72.41093219 -73.13657004 -73.85038871 -74.55028867 -75.23490442
 -75.90342712 -76.55545867 -77.19088868 -77.80982753 -78.41253752
 -78.99937087 -79.57077635 -80.12721817 -80.66920439 -81.19726197
 -81.71188798 -81.75834464 -77.82446581 -77.8045563  -77.78460686
 -77.76461738 -77.74458771 -77.72451772 -77.70440729 -77.68425629
 -77.66406457 -77.64383201 -77.62355848 -75.91914096 -76.11233227]
[-75.36776444 -75.15518245 -74.9378139  -74.71547433 -74.48797238
 -74.25511057 -74.01668624 -73.77249229 -73.52231896 -73.26595654
 -54.84845178 -54.55947718 -54.26156218 -53.9542197  -53.63693384
 -53.3091604  -52.97032862 -52.61984467 -52.25709773 -51.88146988
 -51.49235121 -51.08916266 -50.67138966 -50.23863111 -49.79066985
 -49.3275732  -48.84983464 -48.35857113 -47.85579269 -47.3447613
 -46.83044936 -46.3200876  -45.82374672 -45.35481395 -44.93010582
 -44.56924111 -44.29289565 -44.11984167 -44.06330512 -44.1278719
 -44.3083156  -44.59092943 -44.95670281 -45.38495057 -45.85620059
 -46.35385622 -46.86476104 -47.37905106 -47.8896646  -48.39175972
 -48.88217119 -49.35895873 -49.82105453 -50.26799899 -50.69974769
 -51.11653281 -51.51876494 -51.90696429 -52.28171289 -52.64362178
 -52.99330883 -53.33138397 -53.65843965 -53.97504494 -54.28174219
 -54.57904539 -54.86743967 -55.14738172 -55.41930054 -55.68359866
 -74.03278339 -74.27082993 -74.50332741 -74.73047857 -74.95248059
 -75.16952373 -75.38179238 -75.58946366 -75.79270751 -75.99168685]
[-75.29437032 -75.07794669 -74.85643213 -74.62960946 -74.39725099
 -74.15911734 -73.91495829 -73.6645123  -73.40750708 -73.14366092
 -54.77253685 -54.47829    -54.17455218 -53.86075991 -53.53630781
 -53.20054648 -52.85278112 -52.49227108 -52.11823133 -51.72983652
 -51.32622941 -50.90653555 -50.46988768 -50.01546431 -49.54254966
 -49.05062493 -48.53950536 -48.00954372 -47.46192777 -46.89910689
 -46.32538623 -45.74771653 -45.17666374 -44.62743229 -44.12060336
 -43.68194684 -43.34043853 -43.12387439 -43.05264506 -43.13397206
 -43.35963139 -43.70853634 -44.15262997 -44.66304121 -45.2143094
 -45.7862212  -46.36391077 -46.93708604 -47.49900147 -48.0454982
 -48.57422755 -49.08406916 -49.57471422 -50.04637523 -50.49958786
 -50.93507734 -51.35366981 -51.75623403 -52.14364394 -52.51675501
 -52.8763901  -53.22333138 -53.55831645 -53.88203706 -54.19513961
 -54.49822661 -54.79185883 -55.07655773 -55.35280807 -55.62106045
 -73.93145391 -74.17520248 -74.41294274 -74.6449243  -74.87138562
 -75.09255369 -75.3086448  -75.51986449 -75.72640807 -75.92846085]
[-75.28937053 -75.0726837  -74.85088488 -74.6237548  -74.39106294
 -74.1525673  -73.90801416 -73.65713782 -73.3996622  -73.1353001
 -54.76734463 -54.47273357 -54.16859295 -53.85435384 -53.52940443
 -53.19308774 -52.84469997 -52.48348977 -52.10865932 -51.71936795
 -51.31473996 -50.89387867 -50.45588992 -49.99991976 -49.52521326
 -49.03120464 -48.51765347 -47.98484768 -47.43390215 -46.86718918
 -46.28894191 -45.70606251 -45.12912409 -44.57344383 -44.05988507
 -43.61472513 -43.26767111 -43.04735341 -42.9748473  -43.05763036
 -43.28718754 -43.6417281  -44.0923609  -44.60949634 -45.16718229
 -45.7449366  -46.32778964 -46.90544724 -47.47121483 -48.02100634
 -48.5525501  -49.06479818 -49.55750599 -50.03094113 -50.48568565
 -50.92250349 -51.34225283 -51.74582898 -52.13412784 -52.50802312
 -52.8683528  -53.2159117  -53.55144799 -53.87566232 -54.18920858
 -54.49269564 -54.78668967 -55.07171675 -55.34826558 -55.61679018
 -73.92453704 -74.16867755 -74.40677795 -74.63909098 -74.86585807
 -75.08730883 -75.30366196 -75.51512459 -75.72189409 -75.92415696]
[-75.35290449 -75.13954801 -74.92134399 -74.69810127 -74.46962139
 -74.23569894 -73.99612138 -73.75067098 -73.49912565 -73.24126133
 -54.83312716 -54.5430962  -54.24401572 -53.93538372 -53.61666689
 -53.28730065 -52.94669026 -52.59421368 -52.22922678 -51.85107218
 -51.45909326 -51.05265562 -50.63117923 -50.19418579 -49.74136785
 -49.27268831 -48.78852238 -48.28985751 -47.77857    -47.2577985
 -46.73242914 -46.20968779 -45.69978794 -45.21649393 -44.77732285
 -44.40296418 -44.11546838 -43.93504607 -43.87603516 -43.94342503
 -44.13153015 -44.42549679 -44.80486915 -45.24760235 -45.73317787
 -46.24432238 -46.76752089 -47.29277901 -47.81304718 -48.32357333
 -48.82131695 -49.30447154 -49.7720982  -50.22385473 -50.65980017
 -51.08025608 -51.48570942 -51.87674513 -52.25399996 -52.61813115
 -52.96979556 -53.30963607 -53.63827305 -53.95629926 -54.26427724
 -54.56273819 -54.85218203 -55.13307811 -55.40586639 -55.67095884
 -74.01229855 -74.25149176 -74.48504429 -74.71316814 -74.93606825
 -75.15394273 -75.36698212 -75.57536914 -75.77927877 -75.97887851]
[-75.48321741 -75.27659744 -75.06565421 -74.85025139 -74.63025202
 -74.40552008 -74.17592258 -73.94133164 -73.7016279  -73.45670518
 -54.96674145 -54.68578823 -54.39670379 -54.09910802 -53.79260907
 -53.47680694 -53.15129884 -52.81568698 -52.46958955 -52.1126563
 -51.74458996 -51.36517589 -50.97432244 -50.57211578 -50.15889349
 -49.73534257 -49.30262805 -48.86255862 -48.41779432 -47.9720963
 -47.53060854 -47.10014184 -46.6893998  -46.30904533 -45.97146692
 -45.69009374 -45.47817172 -45.3470822  -45.30453144 -45.35313704
 -45.48991365 -45.70685811 -45.99240706 -46.33325385 -46.71600668
 -47.12837666 -47.55982859 -48.00178978 -48.44756883 -48.89212318
 -49.33177371 -49.76392459 -50.18681607 -50.59931976 -51.00077563
 -51.39086564 -51.76951755 -52.13683274 -52.49303249 -52.83841843
 -53.17334352 -53.49819105 -53.81335945 -54.11925154 -54.41626691
 -54.70479673 -54.98522023 -55.25790251 -55.5231932  -55.78142583
 -74.191407   -74.42067569 -74.6450875  -74.8647757  -75.07987646
 -75.29052675 -75.49686282 -75.69901963 -75.89712955 -76.09132171]
[-75.67681673 -75.47997448 -75.2795454  -75.07546629 -74.86768241
 -74.65614983 -74.44083917 -74.22173992 -73.99886511 -73.77225829
 -55.16213035 -54.89392691 -54.6188082  -54.33654235 -54.04690668
 -53.74969441 -53.44472336 -53.1318474  -52.81097128 -52.4820699
 -52.14521306 -51.8005971  -51.44858513 -51.08975765 -50.72497539
 -50.35545624 -49.98286701 -49.60942971 -49.23803852 -48.87237921
 -48.51703516 -48.1775547  -47.86044341 -47.5730371  -47.32321129
 -47.11890062 -46.96744225 -46.87481773 -46.84492941 -46.87907782
 -46.97577872 -47.13097156 -47.33856046 -47.59114526 -47.88077651
 -48.1996019  -48.54033403 -48.89652882 -49.26270323 -49.63433649
 -50.00779924 -50.38024594 -50.74949523 -51.11391341 -51.47230916
 -51.82384266 -52.16794977 -52.50427994 -52.83264644 -53.15298671
 -53.46533124 -53.76977921 -54.06647958 -54.35561651 -54.63739808
 -54.91204775 -55.17979785 -55.44088462 -55.69554456 -55.94401173
 -74.45533351 -74.67039131 -74.88167258 -75.08920772 -75.29304113
 -75.49322869 -75.68983375 -75.8829265  -76.07258123 -76.25887529]
[-75.92876363 -75.74424451 -75.55702485 -75.36712424 -75.17457882
 -74.9794472  -74.78181355 -74.5817936  -74.37954129 -74.1752575
 -55.41117743 -55.15836538 -54.89999212 -54.63597187 -54.36624492
 -54.09078577 -53.80961321 -53.52280278 -53.23050205 -52.93294927
 -52.63049595 -52.32363403 -52.01302809 -51.699553   -51.38433705
 -51.06880995 -50.75475416 -50.44435656 -50.14025545 -49.84557525
 -49.56393864 -49.29944292 -49.05658624 -48.84013067 -48.65489466
 -48.50547883 -48.39594463 -48.32948291 -48.30812253 -48.3325309
 -48.40194598 -48.51425386 -48.66619571 -48.85366366 -49.07203287
 -49.31648079 -49.58225729 -49.86488749 -50.1603041  -50.46491747
 -50.7756363  -51.08985371 -51.40541138 -51.72055203 -52.03386764
 -52.3442483  -52.65083446 -52.95297419 -53.25018585 -53.5421263
 -53.82856399 -54.10935672 -54.38443316 -54.65377785 -54.91741886
 -55.17541788 -55.42786217 -55.67485813 -55.91652609 -56.15299621
 -74.79508531 -74.99255521 -75.18751654 -75.37988684 -75.56960949
 -75.75664918 -75.94098759 -76.12262087 -76.30155678 -76.4778123 ]
[-76.233057   -76.06283597 -75.89088412 -75.71730385 -75.54222233
 -75.36579802 -75.18822449 -75.00973725 -74.83062237 -74.65122396
 -55.70470188 -55.46886902 -55.22882578 -54.98461025 -54.73629666
 -54.48400351 -54.22790298 -53.96823212 -53.70530591 -53.43953231
 -53.17142952 -52.90164548 -52.63097936 -52.36040483 -52.09109421
 -51.82444243 -51.56208883 -51.30593419 -51.05814963 -50.82117285
 -50.59768702 -50.39057731 -50.20286084 -50.03758822 -49.89771791
 -49.78596977 -49.70466909 -49.65559734 -49.63986779 -49.65784351
 -49.70910983 -49.79250575 -49.90620927 -50.04786391 -50.21472905
 -50.4038357  -50.61213186 -50.83660644 -51.07438592 -51.32280241
 -51.57943559 -51.84213244 -52.10901001 -52.37844589 -52.64906073
 -52.91969622 -53.18939111 -53.45735702 -53.72295533 -53.98567577
 -54.24511711 -54.50097002 -54.75300217 -55.00104528 -55.24498411
 -55.48474704 -55.72029818 -55.95163065 -56.17876104 -56.40172469
 -75.20011219 -75.37761601 -75.55395635 -75.72894205 -75.90241746
 -76.07425643 -76.24435892 -76.41264555 -76.57905575 -76.74354381]
[-76.58304626 -76.42850977 -76.27323386 -76.11739635 -75.96120761
 -75.80491404 -75.64880494 -75.49321914 -75.33855244 -75.18526673
 -56.03337274 -55.81516834 -55.59399938 -55.3699961  -55.14332849
 -54.91421319 -54.68292115 -54.44978633 -54.21521538 -53.97969818
 -53.74381926 -53.50826978 -53.27385973 -53.04152983 -52.81236234
 -52.58758969 -52.36859976 -52.15693598 -51.95429064 -51.76248936
 -51.58346487 -51.41921888 -51.27177128 -51.14309744 -51.03505591
 -50.94931042 -50.88725201 -50.84992812 -50.83798566 -50.85163435
 -50.8906346  -50.95431138 -51.04159235 -51.15106592 -51.2810529
 -51.42968454 -51.59498033 -51.77491977 -51.96750432 -52.17080733
 -52.38301142 -52.60243385 -52.82754145 -53.05695679 -53.28945768
 -53.52397161 -53.75956694 -53.99544199 -54.23091312 -54.46540246
 -54.69842604 -54.9295824  -55.15854206 -55.38503796 -55.60885683
 -55.82983149 -56.04783417 -56.2627705  -56.47457444 -56.68320377
 -75.6592163  -75.81534752 -75.97164271 -76.12781523 -76.28362131
 -76.43885309 -76.59333454 -76.74691658 -76.89947398 -77.05090193]
[-76.97182837 -76.83380494 -76.69600325 -76.5586664  -76.4220734
 -76.28654248 -76.15244052 -76.02018612 -75.89025856 -75.76320854
 -56.38840331 -56.18772938 -55.98517344 -55.78092567 -55.57521474
 -55.36831303 -55.16054221 -54.95227929 -54.74396293 -54.53610006
 -54.32927235 -54.12414257 -53.92146025 -53.72206634 -53.52689622
 -53.33698042 -53.15344234 -52.97749209 -52.81041567 -52.65355883
 -52.50830504 -52.3760475  -52.25815543 -52.15593564 -52.07059099
 -52.00317795 -51.95456601 -51.92540195 -51.91608196 -51.92673396
 -51.9572118  -52.00710188 -52.07574158 -52.16224774 -52.26555283
 -52.38444572 -52.51761414 -52.66368613 -52.82126816 -52.98897846
 -53.16547465 -53.34947536 -53.53977598 -53.73525919 -53.93490075
 -54.13777166 -54.34303717 -54.54995372 -54.75786413 -54.96619192
 -55.17443493 -55.38215882 -55.58899047 -55.79461167 -55.99875315
 -56.20118896 -56.40173131 -56.60022592 -56.79654778 -56.99059734
 -76.16134177 -76.29555171 -76.43116437 -76.56781654 -76.70519277
 -76.84301637 -76.98104691 -77.11907518 -77.2569189  -77.39442042]
[-77.3925904  -77.27141469 -77.15135633 -77.03270884 -76.91580331
 -76.80101543 -76.68876621 -76.57953406 -76.47385627 -76.37234097
 -56.76198316 -56.57820477 -56.39344203 -56.20791751 -56.02188815
 -55.83564882 -55.64953601 -55.46393163 -55.27926668 -55.0960248
 -54.91474545 -54.7360265  -54.56052605 -54.38896304 -54.22211645
 -54.06082267 -53.90597062 -53.75849433 -53.61936269 -53.48956612
 -53.37010024 -53.26194657 -53.16605081 -53.08329938 -53.01449512
 -52.9603334  -52.92138001 -52.89805214 -52.89060385 -52.89911691
 -52.92349788 -52.96348147 -53.01864005 -53.08839855 -53.17205369
 -53.26879632 -53.37773529 -53.4979218  -53.62837273 -53.76809225
 -53.91609088 -54.0714017  -54.23309339 -54.40028033 -54.57212987
 -54.74786694 -54.92677668 -55.10820504 -55.29155811 -55.47630025
 -55.66195145 -55.84808408 -56.03431939 -56.22032379 -56.40580505
 -56.59050864 -56.77421415 -56.95673191 -57.1378998  -57.31758035
 -76.69617269 -76.80860518 -76.92354791 -77.04058037 -77.15933202
 -77.27947406 -77.40071439 -77.43344176 -77.41221586 -77.39094238]
[-77.83887724 -77.73447816 -77.63200077 -77.5317779  -77.43417935
 -77.33961786 -77.24855534 -77.16150638 -77.07904703 -77.00182112
 -57.14747561 -56.97961269 -56.81148175 -56.64331689 -56.47538119
 -56.30796898 -56.141408   -55.97606152 -55.81233019 -55.65065355
 -55.49151118 -55.33542309 -55.18294955 -55.03468979 -54.89127967
 -54.75338804 -54.62171161 -54.49696827 -54.37988864 -54.27120611
 -54.17164521 -54.08190865 -54.00266336 -53.93452594 -53.87804813
 -53.83370287 -53.80187169 -53.78283412 -53.77675963 -53.78370265
 -53.80360099 -53.83627762 -53.88144594 -53.93871794 -54.00761502
 -54.08758066 -54.17799445 -54.27818661 -54.38745255 -54.50506677
 -54.63029571 -54.76240929 -54.90069082 -55.04444526 -55.1930058
 -55.34573893 -55.50204796 -55.66137531 -55.82320363 -55.98705606
 -56.15249569 -56.31912442 -56.48658142 -56.65454123 -56.82271168
 -56.99083171 -57.15866907 -57.32601809 -57.49269747 -57.65854819
 -77.25451678 -77.34582799 -77.44060617 -77.50279681 -77.48168596
 -77.46052777 -77.43932204 -77.4180686  -77.39676724 -77.37541776]
[-78.30478165 -78.21677201 -78.13138978 -78.04899414 -77.96998078
 -77.89478811 -77.82390168 -77.75786036 -77.69726031 -77.64276591
 -57.53944219 -57.38632449 -57.2334918  -57.08117539 -56.92963002
 -56.7791352  -56.62999634 -56.48254569 -56.33714302 -56.19417597
 -56.05405996 -55.91723763 -55.78417758 -55.65537252 -55.5313365
 -55.41260141 -55.29971238 -55.19322241 -55.0936859  -55.00165137
 -54.91765338 -54.84220385 -54.77578299 -54.7188301  -54.67173462
 -54.63482774 -54.60837494 -54.59256975 -54.58752912 -54.59329056
 -54.60981121 -54.63696888 -54.67456509 -54.72232975 -54.77992756
 -54.84696546 -54.92300113 -55.00755197 -55.10010426 -55.20012225
 -55.30705678 -55.42035332 -55.53945923 -55.66383007 -55.79293504
 -55.92626139 -56.06331796 -56.20363783 -56.34678014 -56.49233133
 -56.6399056  -56.78914505 -56.93971923 -57.09132451 -57.24368307
 -57.39654174 -57.54967079 -57.70286248 -57.85592971 -58.00870458
 -77.551313   -77.53027256 -77.50918485 -77.48804968 -77.46686684
 -77.44563615 -77.42435741 -77.40303043 -77.38165499 -77.36023092]
[-78.78505325 -78.71282005 -78.64382161 -78.5784314  -78.51706363
 -78.46017007 -78.40825182 -78.36185875 -78.32159904 -78.28814521
 -57.93355895 -57.79394059 -57.65502119 -57.51702028 -57.38017582
 -57.24474488 -57.11100402 -56.97924956 -56.84979759 -56.72298363
 -56.59916204 -56.47870489 -56.36200053 -56.24945154 -56.14147221
 -56.03848543 -55.94091903 -55.84920153 -55.76375737 -55.68500169
 -55.6133347  -55.54913584 -55.49275775 -55.4445204  -55.40470539
 -55.37355074 -55.35124625 -55.33792981 -55.33368451 -55.33853695
 -55.35245674 -55.37535703 -55.40709641 -55.44748171 -55.49627184
 -55.55318249 -55.61789132 -55.6900437  -55.76925864 -55.85513474
 -55.94725607 -56.04519776 -56.14853118 -56.25682873 -56.36966797
 -56.4866353  -56.60732902 -56.73136182 -56.85836275 -56.9879787
 -57.11987542 -57.25373814 -57.38927187 -57.52620133 -57.66427078
 -57.80324349 -57.94290114 -58.08304315 -58.22348578 -58.36406131
 -77.53710773 -77.51599819 -77.49484089 -77.47363562 -77.45238219
 -77.4310804  -77.40973005 -77.38833093 -77.36688285 -77.34538559]
[-79.27514265 -79.21792759 -79.16445912 -79.11512197 -79.0703387
 -79.03056968 -78.99632306 -78.96815348 -78.94667395 -78.93255884
 -58.32647814 -58.19911582 -58.07275258 -57.94759127 -57.82384895
 -57.70175702 -57.58156132 -57.46352188 -57.34791264 -57.23502078
 -57.12514588 -57.01859877 -56.91569996 -56.81677792 -56.7221668
 -56.63220394 -56.54722699 -56.46757065 -56.39356321 -56.32552278
 -56.26375337 -56.2085409  -56.16014915 -56.11881588 -56.08474917
 -56.058124   -56.0390794  -56.02771603 -56.02409444 -56.02823401
 -56.0401126  -56.05966693 -56.08679372 -56.12135145 -56.16316284
 -56.21201773 -56.2676765  -56.32987375 -56.39832225 -56.47271691
 -56.55273883 -56.63805917 -56.72834293 -56.82325238 -56.92245031
 -57.02560287 -57.13238207 -57.24246797 -57.35555048 -57.47133079
 -57.58952258 -57.70985285 -57.83206247 -57.95590659 -58.08115475
 -58.20759086 -58.33501301 -58.46323317 -58.59207678 -58.7213823
 -77.52323481 -77.50205757 -77.48083208 -77.45955813 -77.43823553
 -77.41686407 -77.39544354 -77.37397374 -77.35245445 -77.33088548]
[-79.7711984  -79.72815923 -79.6892947  -79.65499712 -79.62569134
 -79.60184306 -79.58396029 -79.57260207 -79.56837999 -79.57196782
 -58.71567203 -58.59937438 -58.48428539 -58.37058913 -58.2584804
 -58.14816463 -58.03985767 -57.93378543 -57.83018338 -57.72929578
 -57.63137482 -57.5366795  -57.44547427 -57.35802746 -57.27460952
 -57.19549094 -57.12094006 -57.05122066 -56.98658937 -56.92729298
 -56.87356565 -56.8256262  -56.7836753  -56.74789286 -56.7184356
 -56.69543482 -56.67899448 -56.6691897  -56.66606559 -56.66963656
 -56.67988614 -56.69676719 -56.72020262 -56.7500866  -56.78628606
 -56.82864267 -56.87697504 -56.93108122 -56.99074128 -57.05572011
 -57.1257702  -57.20063434 -57.28004839 -57.36374378 -57.45144995
 -57.54289654 -57.63781542 -57.73594247 -57.83701909 -57.94079359
 -58.04702227 -58.15547029 -58.26591239 -58.3781334  -58.49192861
 -58.60710392 -58.72347598 -58.8408721  -58.95913017 -59.07809841
 -77.50969759 -77.48845408 -77.46716183 -77.44582065 -77.42443033
 -77.40299065 -77.38150142 -77.35996241 -77.33837342 -77.31673423]
[-80.27002124 -80.24028151 -80.21507508 -80.19479335 -80.1798646
 -80.17075415 -80.16797186 -80.17207364 -80.18367075 -80.20343463
 -59.09928127 -58.99293691 -58.88794036 -58.7844566  -58.68265859
 -58.58272703 -58.48485002 -58.38922265 -58.29604637 -58.20552838
 -58.11788067 -58.03331911 -57.95206226 -57.87433006 -57.80034243
 -57.73031763 -57.66447062 -57.60301118 -57.54614206 -57.49405699
 -57.44693875 -57.40495722 -57.3682674  -57.33700769 -57.31129819
 -57.29123918 -57.27690989 -57.26836742 -57.26564604 -57.2687567
 -57.27768688 -57.29240077 -57.31283977 -57.33892321 -57.37054944
 -57.40759709 -57.44992662 -57.49738193 -57.54979226 -57.60697403
 -57.66873283 -57.7348654  -57.80516153 -57.87940602 -57.95738042
 -58.03886477 -58.12363918 -58.21148523 -58.30218727 -58.3955336
 -58.4913174  -58.58933759 -58.68939956 -58.79131567 -58.89490574
 -58.99999733 -59.10642601 -59.21403541 -59.32267731 -59.4322116
 -77.49649936 -77.47519102 -77.45383349 -77.43242656 -77.41097    -77.38946361
 -77.36790717 -77.34630046 -77.32464328 -77.3029354 ]
[-80.769001   -80.75168857 -80.73920494 -80.73194351 -80.73033067
 -80.73483289 -80.74595645 -80.76425642 -80.79034076 -80.82487994
 -59.47597904 -59.37856991 -59.28259395 -59.18819783 -59.09553402
 -59.00476056 -58.91604064 -58.82954219 -58.74543728 -58.6639015
 -58.58511321 -58.50925265 -58.43650104 -58.36703945 -58.30104772
 -58.23870321 -58.18017945 -58.12564483 -58.07526119 -58.02918234
 -57.98755272 -57.95050593 -57.91816343 -57.89063325 -57.86800885
 -57.85036808 -57.8377723  -57.83026566 -57.82787465 -57.8306077
 -57.83845516 -57.85138937 -57.86936499 -57.89231955 -57.92017413
 -57.95283426 -57.99019097 -58.03212196 -58.07849285 -58.12915855
 -58.18396464 -58.24274882 -58.30534232 -58.37157129 -58.44125817
 -58.51422302 -58.59028471 -58.66926205 -58.7509749  -58.83524506
 -58.92189716 -59.01075937 -59.10166408 -59.19444842 -59.28895472
 -59.38503088 -59.48253063 -59.58131376 -59.68124626 -59.78220035
 -77.48364333 -77.46227167 -77.44085036 -77.41937917 -77.39785789
 -77.37628631 -77.3546642  -77.33299135 -77.31126753 -77.28949251]
[-81.26604369 -81.26031284 -81.25965629 -81.26446602 -81.27516867
 -81.2922285  -81.31615062 -81.34748866 -81.38684635 -81.43489058
 -59.84485539 -59.75546048 -59.66754369 -59.58123465 -59.49666725
 -59.41397921 -59.33331184 -59.25480948 -59.17861911 -59.10488968
 -59.03377153 -58.96541563 -58.89997283 -58.83759298 -58.77842403
 -58.72261111 -58.67029545 -58.62161343 -58.57669548 -58.53566504
 -58.49863753 -58.46571934 -58.43700685 -58.41258551 -58.39252909
 -58.37689887 -58.36574308 -58.3590964  -58.35697957 -58.35939922
 -58.36634778 -58.37780356 -58.39373097 -58.41408089 -58.43879117
 -58.46778728 -58.50098297 -58.53828117 -58.57957487 -58.62474808
 -58.67367685 -58.72623033 -58.78227178 -58.84165968 -58.90424868
 -58.96989067 -59.03843571 -59.10973292 -59.18363134 -59.25998071
 -59.33863217 -59.41943894 -59.50225682 -59.58694477 -59.67336528
 -59.76138476 -59.85087385 -59.94170763 -60.03376584 -60.12693298
 -77.47113268 -77.44969922 -77.42821564 -77.40668174 -77.3850973
 -77.36346208 -77.34177587 -77.32003844 -77.29824957 -77.27640902]
[-81.75949633 -81.76454181 -81.77486512 -81.79085928 -81.81294827
 -81.8415933  -81.87729866 -81.92061501 -81.97214502 -82.03255021
 -60.205322   -60.12311518 -60.04240145 -59.96329507 -59.88591328
 -59.81037595 -59.73680532 -59.66532554 -59.59606225 -59.52914209
 -59.46469212 -59.40283929 -59.34370973 -59.28742813 -59.23411699
 -59.18389586 -59.13688061 -59.09318264 -59.05290804 -59.01615686
 -58.98302232 -58.95359008 -58.9279375  -58.90613303 -58.88823559
 -58.87429407 -58.86434688 -58.85842161 -58.85653474 -58.85869154
 -58.864886   -58.87510087 -58.88930784 -58.90746779 -58.92953114
 -58.95543833 -58.98512028 -59.01849906 -59.05548848 -59.09599485
 -59.13991769 -59.18715051 -59.23758162 -59.29109486 -59.34757046
 -59.40688576 -59.46891594 -59.5335348  -59.60061538 -59.6700306
 -59.74165389 -59.81535968 -59.89102395 -59.9685246  -60.04774192
 -60.12855887 -60.2108614  -60.2945387  -60.3794834  -60.46559173
 -77.45897051 -77.43747679 -77.41593252 -77.39433748 -77.37269144
 -77.35099417 -77.32924546 -77.30744507 -77.28559276 -77.26368831]
[-82.24807669 -82.26314285 -82.28365895 -82.31001302 -82.34263061
 -82.38197109 -82.42853516 -82.48287147 -82.54557976 -82.61732241
 -60.55703562 -60.48127999 -60.40701063 -60.33432806 -60.26333482
 -60.19413524 -60.12683512 -60.06154135 -59.99836156 -59.9374037
 -59.87877556 -59.8225843  -59.76893591 -59.71793472 -59.66968277
 -59.62427926 -59.58181994 -59.54239655 -59.50609615 -59.47300058
 -59.44318586 -59.41672166 -59.39367075 -59.37408856 -59.35802271
 -59.34551264 -59.3365893  -59.33127491 -59.32958272 -59.33151699
 -59.33707287 -59.34623649 -59.35898504 -59.375287   -59.39510237
 -59.41838299 -59.44507294 -59.47510896 -59.50842096 -59.5449325
 -59.58456137 -59.62722017 -59.6728169  -59.72125554 -59.7724367
 -59.82625814 -59.88261544 -59.94140248 -60.00251206 -60.06583636
 -60.13126744 -60.19869771 -60.26802033 -60.3391296  -60.4119213  -60.486293
 -60.56214435 -60.63937729 -60.71789629 -60.79760847 -77.44715985
 -77.42560745 -77.40400407 -77.38234949 -77.36064347 -77.33888578
 -77.31707619 -77.29521447 -77.27330038 -77.25133369]
[-82.73080475 -82.75519023 -82.78516883 -82.82112862 -82.86349107
 -82.91271403 -82.96929875 -83.03378938 -83.10678471 -83.18894202
 -60.89983744 -60.82987809 -60.7613826  -60.69443934 -60.62913801
 -60.56556946 -60.50382538 -60.44399799 -60.38617973 -60.3304629
 -60.27693927 -60.22569971 -60.17683375 -60.13042914 -60.08657141
 -60.04534342 -60.00682488 -59.9710919  -59.93821652 -59.90826624
 -59.88130365 -59.85738592 -59.83656451 -59.81888473 -59.80438547
 -59.79309889 -59.78505021 -59.78025749 -59.77873154 -59.7804758
 -59.78548634 -59.79375186 -59.80525382 -59.81996652 -59.83785735
 -59.85888698 -59.88300968 -59.91017361 -59.9403212  -59.97338954
 -60.00931081 -60.04801267 -60.08941877 -60.13344917 -60.18002082
 -60.22904802 -60.28044289 -60.3341158  -60.38997581 -60.4479311
 -60.50788935 -60.56975812 -60.63344521 -60.69885899 -60.76590869
 -60.83450465 -60.90455863 -60.97598398 -61.04869584 -61.12261133
 -77.43570367 -77.4140942  -77.39243333 -77.37072083 -77.34895647 -77.32714
 -77.3052712  -77.28334982 -77.26137563 -77.23934839]
[-83.20695107 -83.24000903 -83.27878001 -83.32365214 -83.37504573
 -83.43341554 -83.49926107 -83.57312333 -83.65560425 -83.74735387
 -61.23370573 -61.16896184 -61.10564851 -61.04384345 -60.98362521
 -60.92507299 -60.86826641 -60.81328522 -60.76020903 -60.70911705
 -60.66008774 -60.61319847 -60.56852525 -60.52614229 -60.48612172
 -60.44853318 -60.41344349 -60.38091624 -60.35101149 -60.32378541
 -60.29928989 -60.27757232 -60.25867521 -60.24263597 -60.22948665
 -60.21925373 -60.21195795 -60.20761416 -60.20623124 -60.20781202
 -60.21235325 -60.21984567 -60.23027403 -60.2436172  -60.25984832
 -60.27893498 -60.30083941 -60.32551877 -60.35292538 -60.38300703
 -60.41570728 -60.45096585 -60.48871889 -60.52889939 -60.57143754
 -60.61626107 -60.66329561 -60.71246508 -60.76369199 -60.81689785
 -60.87200341 -60.92892903 -60.98759497 -61.04792162 -61.10982983
 -61.17324108 -61.23807776 -61.3042633  -61.37172242 -61.44038124
 -77.42460487 -77.40293996 -77.38122325 -77.35945449 -77.33763345
 -77.31575989 -77.29383356 -77.27185423 -77.24982165 -77.22773558]
[-83.67598684 -83.71712059 -83.76407193 -83.81722393 -83.87699792
 -83.94384568 -84.0182653  -84.10079976 -84.19204056 -84.29264463
 -61.55871924 -61.49867616 -61.44002302 -61.38282821 -61.32716061
 -61.27308938 -61.22068381 -61.17001306 -61.12114592 -61.07415061
 -61.02909445 -60.98604365 -60.94506304 -60.90621573 -60.86956287
 -60.83516338 -60.80307359 -60.77334705 -60.74603416 -60.72118199
 -60.69883394 -60.67902956 -60.66180428 -60.64718925 -60.63521111
 -60.62589185 -60.61924868 -60.61529392 -60.61403493 -60.61547405
 -60.6196086  -60.62643089 -60.63592827 -60.64808322 -60.66287342
 -60.68027191 -60.70024729 -60.72276381 -60.74778169 -60.77525723
 -60.80514318 -60.83738889 -60.87194062 -60.90874186 -60.94773355
 -60.98885437 -61.0320411  -61.07722882 -61.12435122 -61.17334092
 -61.22412965 -61.2766486  -61.33082857 -61.38660031 -61.44389463
 -61.50264269 -61.56277617 -61.6242274  -61.68692959 -61.75081692
 -77.41386626 -77.39214759 -77.37037671 -77.34855338 -77.32667736
 -77.3047484  -77.28276627 -77.26073071 -77.23864149 -77.21649834]
[-84.13754383 -84.18621003 -84.24077697 -84.30163406 -84.3691968
 -84.4439167  -84.52629171 -84.61686042 -84.7162148  -84.82500782
 -61.87502897 -61.81923076 -61.7647772  -61.71172856 -61.6601453  -61.610088
 -61.56161708 -61.5147927  -61.4696745  -61.42632142 -61.3847915
 -61.34514164 -61.30742738 -61.27170267 -61.23801967 -61.20642847
 -61.17697689 -61.14971028 -61.12467124 -61.10189947 -61.08143154
 -61.0633007  -61.04753671 -61.0341657  -61.02320999 -61.01468798
 -61.00861409 -61.0049986  -61.00384768 -61.00516327 -61.00894314
 -61.01518086 -61.02386586 -61.03498346 -61.04851499 -61.06443787
 -61.08272572 -61.10334855 -61.12627288 -61.15146193 -61.17887579
 -61.20847167 -61.24020406 -61.27402498 -61.30988417 -61.34772937
 -61.38750651 -61.42915995 -61.4726327  -61.51786667 -61.56480286
 -61.61338158 -61.66354265 -61.71522564 -61.76836998 -61.82291519
 -61.87880104 -61.9359677  -61.99435587 -62.05390693 -77.40349061
 -77.38171985 -77.3598965  -77.33802031 -77.31609104 -77.29410843
 -77.27207224 -77.24998222 -77.22783811 -77.20563967]
[-84.59138476 -84.64707908 -84.70875425 -84.77678847 -84.85160144
 -84.93364719 -85.02341175 -85.12144166 -85.22832411 -85.34470993
 -62.18283669 -62.13087924 -62.08021842 -62.03090744 -61.98299951
 -61.93654775 -61.89160505 -61.84822387 -61.80645609 -61.76635284
 -61.72796434 -61.6913397  -61.65652674 -61.62357182 -61.59251961
 -61.56341296 -61.53629272 -61.51119749 -61.48816352 -61.46722451
 -61.44841148 -61.43175258 -61.41727298 -61.40499474 -61.39493671
 -61.38711442 -61.38154    -61.37822213 -61.377166   -61.37837324
 -61.38184198 -61.3875668  -61.39553879 -61.40574558 -61.41817143
 -61.43279726 -61.44960082 -61.46855671 -61.48963659 -61.51280927
 -61.53804087 -61.56529497 -61.59453282 -61.62571343 -61.65879383
 -61.69372922 -61.73047313 -61.76897767 -61.80919363 -61.85107074
 -61.89455781 -61.93960291 -61.98615355 -62.03415682 -62.08355959
 -62.13430863 -62.18635077 -62.23963301 -62.29410268 -62.34970751
 -77.39348057 -77.37165945 -77.34978536 -77.32785805 -77.30587727
 -77.28384277 -77.2617543  -77.2396116  -77.21741442 -77.19516249]
[-85.03736718 -85.09963438 -85.16794605 -85.24268254 -85.32426    -85.41312756
 -85.50977676 -85.61474826 -85.72862782 -85.85206707 -62.48237861
 -62.43390338 -62.3866755  -62.34074202 -62.29614986 -62.25294576
 -62.2111761  -62.17088678 -62.13212308 -62.09492954 -62.05934976
 -62.02542632 -61.99320056 -61.9627125  -61.93400063 -61.90710178
 -61.88205099 -61.85888135 -61.83762388 -61.81830736 -61.80095825
 -61.78560053 -61.77225563 -61.76094233 -61.75167662 -61.7444717
 -61.73933786 -61.73628248 -61.73530993 -61.73642163 -61.73961596
 -61.74488835 -61.75223122 -61.76163409 -61.77308357 -61.78656348
 -61.80205486 -61.81953611 -61.83898308 -61.86036915 -61.88366538
 -61.90884062 -61.93586164 -61.96469327 -61.99529858 -62.02763895
 -62.06167429 -62.09736315 -62.13466291 -62.17352987 -62.21391945
 -62.25578633 -62.29908456 -62.34376773 -62.38978911 -62.43710174
 -62.48565858 -62.53541263 -62.58631703 -62.63832517 -77.38383874
 -77.361969   -77.34004592 -77.31806926 -77.29603875 -77.27395415
 -77.2518152  -77.22962164 -77.2073732  -77.18506964]
[-85.47543635 -85.54385777 -85.61837716 -85.69937793 -85.78727214
 -85.88250856 -85.98558058 -86.09702086 -86.2174234  -86.34742614
 -62.77391305 -62.72860154 -62.68448787 -62.64161373 -62.6000206
 -62.55974968 -62.52084179 -62.48333721 -62.44727559 -62.41269584
 -62.379636   -62.34813311 -62.31822309 -62.28994061 -62.263319
 -62.23839008 -62.21518407 -62.19372948 -62.17405298 -62.15617931
 -62.14013115 -62.12592908 -62.11359145 -62.1031343  -62.09457134
 -62.08791382 -62.08317054 -62.0803478  -62.07944934 -62.08047635
 -62.08342747 -62.08829878 -62.09508383 -62.10377365 -62.11435681
 -62.12681946 -62.14114539 -62.1573161  -62.17531088 -62.1951069
 -62.21667928 -62.24000123 -62.26504414 -62.29177765 -62.32016985
 -62.35018733 -62.38179531 -62.4149578  -62.44963769 -62.48579687
 -62.5233964  -62.56239656 -62.60275704 -62.64443699 -62.68739519
 -62.73159014 -62.77698014 -62.82352343 -62.87117828 -62.91990304
 -77.37456762 -77.35265103 -77.33068074 -77.30865652 -77.28657809
 -77.2644452  -77.2422576  -77.22001502 -77.19771719 -77.17536386]
[-85.90559302 -85.9797842  -86.0601218  -86.14698642 -86.24079266
 -86.34198424 -86.45105572 -86.56854257 -86.69502815 -86.83115795
 -63.05771119 -63.01528002 -62.97399772 -62.93390128 -62.89502747
 -62.85741272 -62.82109302 -62.78610385 -62.75248005 -62.72025573
 -62.68946419 -62.66013778 -62.63230783 -62.60600454 -62.58125687
 -62.55809244 -62.53653746 -62.51661659 -62.4983529  -62.48176775
 -62.46688071 -62.45370952 -62.44226996 -62.43257587 -62.42463901
 -62.41846907 -62.4140736  -62.411458   -62.4106255  -62.41157711
 -62.41431168 -62.41882582 -62.425114   -62.43316852 -62.44297955
 -62.45453517 -62.46782145 -62.48282244 -62.4995203  -62.51789533
 -62.53792604 -62.55958927 -62.58286025 -62.60771266 -62.63411881
 -62.66204963 -62.69147485 -62.72236308 -62.75468189 -62.78839793
 -62.82347703 -62.85988431 -62.89758425 -62.93654084 -62.97671761
 -63.01807778 -63.06058433 -63.10420008 -63.14888778 -63.19461019
 -77.36566964 -77.34370799 -77.3216923  -77.29962233 -77.27749781
 -77.25531848 -77.23308408 -77.21079434 -77.188449   -77.16604779]
[-86.32789041 -86.40749808 -86.49329576 -86.58565939 -86.68500482
 -86.79177789 -86.90646881 -87.02960778 -87.16178157 -87.30363752
 -63.3340502  -63.29424683 -63.25554438 -63.21797578 -63.1815737
 -63.14637042 -63.11239779 -63.07968712 -63.04826913 -63.01817385
 -62.9894305  -62.96206746 -62.93611218 -62.91159104 -62.88852933
 -62.86695114 -62.84687928 -62.8283352  -62.81133894 -62.79590904
 -62.78206247 -62.76981459 -62.75917908 -62.75016789 -62.7427912
 -62.73705738 -62.73297295 -62.73054259 -62.72976906 -62.73065326
 -62.73319418 -62.7373889  -62.74323264 -62.75071875 -62.75983873
 -62.77058229 -62.78293736 -62.79689014 -62.81242518 -62.82952538
 -62.84817211 -62.86834524 -62.89002321 -62.91318313 -62.93780082
 -62.96385094 -62.991307   -63.02014151 -63.05032604 -63.08183128
 -63.11462717 -63.14868296 -63.18396728 -63.22044826 -63.25809358
 -63.29687057 -63.33674628 -63.37768752 -63.41966103 -63.46263342
 -77.35714714 -77.33514224 -77.31308298 -77.2909691  -77.26880034
 -77.24657643 -77.22429712 -77.20196212 -77.17957117 -77.157124  ]
[-78.77036609 -78.75158507 -78.73276409 -78.71390299 -78.6950016
 -78.67605975 -78.65707727 -78.63805398 -78.61898973 -78.59988433
 -78.5807376  -78.56154938 -78.54231949 -78.52304774 -78.50373396
 -78.48437798 -78.4649796  -78.44553865 -78.42605494 -78.40652829
 -78.38695852 -78.36734542 -78.34768883 -78.32798855 -78.30824438
 -78.28845614 -78.26862364 -78.24874667 -78.22882505 -78.20885857
 -78.18884704 -78.16879026 -78.14868804 -78.12854016 -78.10834642
 -78.08810662 -78.06782056 -78.04748803 -78.02710881 -78.0066827
 -77.98620949 -77.96568896 -77.9451209  -77.9245051  -77.90384134
 -77.8831294  -77.86236905 -77.84156008 -77.82070227 -77.7997954
 -77.77883922 -77.75783353 -77.73677808 -77.71567266 -77.69451702
 -77.67331093 -77.65205417 -77.63074648 -77.60938764 -77.58797741
 -77.56651553 -77.54500178 -77.5234359  -77.50181764 -77.48014677
 -77.45842303 -77.43664616 -77.41481592 -77.39293204 -77.37099428
 -77.34900237 -77.32695605 -77.30485507 -77.28269914 -77.26048802
 -77.23822143 -77.2158991  -77.19352076 -77.17108614 -77.14859496]
[-78.76476993 -78.74596464 -78.72711923 -78.70823355 -78.68930741
 -78.67034066 -78.65133311 -78.63228459 -78.61319494 -78.59406397
 -78.57489151 -78.55567738 -78.53642141 -78.51712342 -78.49778322
 -78.47840063 -78.45897548 -78.43950757 -78.41999673 -78.40044276
 -78.38084548 -78.3612047  -78.34152023 -78.32179188 -78.30201946
 -78.28220277 -78.26234162 -78.24243582 -78.22248516 -78.20248945
 -78.18244848 -78.16236206 -78.14222999 -78.12205206 -78.10182806
 -78.08155779 -78.06124105 -78.04087761 -78.02046728 -78.00000983
 -77.97950507 -77.95895276 -77.9383527  -77.91770467 -77.89700845
 -77.87626381 -77.85547054 -77.83462842 -77.81373721 -77.79279669
 -77.77180664 -77.75076682 -77.729677   -77.70853696 -77.68734645
 -77.66610523 -77.64481308 -77.62346975 -77.60207501 -77.5806286
 -77.55913029 -77.53757983 -77.51597697 -77.49432146 -77.47261306
 -77.4508515  -77.42903654 -77.40716792 -77.38524537 -77.36326865
 -77.34123748 -77.31915161 -77.29701077 -77.2748147  -77.25256311
 -77.23025575 -77.20789233 -77.18547259 -77.16299624 -77.14046302]
[-78.75945163 -78.74062325 -78.7217546  -78.70284553 -78.68389584
 -78.66490539 -78.64587398 -78.62680145 -78.60768763 -78.58853233
 -78.56933538 -78.55009661 -78.53081582 -78.51149285 -78.4921275
 -78.4727196  -78.45326896 -78.4337754  -78.41423873 -78.39465876
 -78.3750353  -78.35536817 -78.33565717 -78.31590211 -78.29610279
 -78.27625903 -78.25637061 -78.23643736 -78.21645906 -78.19643552
 -78.17636653 -78.1562519  -78.13609142 -78.11588488 -78.09563208
 -78.0753328  -78.05498684 -78.03459399 -78.01415404 -77.99366676
 -77.97313196 -77.9525494  -77.93191887 -77.91124015 -77.89051303
 -77.86973727 -77.84891265 -77.82803896 -77.80711595 -77.78614341
 -77.76512109 -77.74404878 -77.72292624 -77.70175322 -77.6805295
 -77.65925484 -77.637929   -77.61655173 -77.59512279 -77.57364194
 -77.55210893 -77.53052351 -77.50888543 -77.48719445 -77.4654503
 -77.44365273 -77.42180149 -77.39989631 -77.37793694 -77.35592311
 -77.33385455 -77.31173101 -77.28955221 -77.26731788 -77.24502775
 -77.22268155 -77.200279   -77.17781982 -77.15530373 -77.13273045]
[-78.75441224 -78.73556195 -78.71667125 -78.69773998 -78.67876796
 -78.65975501 -78.64070098 -78.62160567 -78.60246891 -78.58329053
 -78.56407035 -78.54480818 -78.52550385 -78.50615718 -78.48676797
 -78.46733605 -78.44786123 -78.42834333 -78.40878215 -78.38917751
 -78.36952921 -78.34983707 -78.33010089 -78.31032049 -78.29049565
 -78.27062619 -78.2507119  -78.2307526  -78.21074807 -78.19069812
 -78.17060255 -78.15046114 -78.13027369 -78.11004    -78.08975986
 -78.06943305 -78.04905937 -78.02863861 -78.00817054 -77.98765495
 -77.96709163 -77.94648035 -77.92582091 -77.90511307 -77.88435661
 -77.86355131 -77.84269694 -77.82179327 -77.80084008 -77.77983714
 -77.7587842  -77.73768105 -77.71652743 -77.69532312 -77.67406788
 -77.65276146 -77.63140363 -77.60999414 -77.58853274 -77.56701919
 -77.54545323 -77.52383463 -77.50216312 -77.48043845 -77.45866036
 -77.4368286  -77.41494291 -77.39300302 -77.37100868 -77.34895961
 -77.32685555 -77.30469624 -77.28248139 -77.26021074 -77.23788401
 -77.21550092 -77.1930612  -77.17056457 -77.14801074 -77.12539942]
[-78.74965272 -78.73078172 -78.71187017 -78.69291791 -78.67392477
 -78.65489056 -78.63581512 -78.61669827 -78.59753984 -78.57833963
 -78.55909747 -78.53981319 -78.52048659 -78.5011175  -78.48170573
 -78.4622511  -78.44275341 -78.42321249 -78.40362813 -78.38400016
 -78.36432838 -78.34461259 -78.3248526  -78.30504821 -78.28519924
 -78.26530548 -78.24536672 -78.22538278 -78.20535345 -78.18527852
 -78.16515779 -78.14499106 -78.12477811 -78.10451874 -78.08421274
 -78.06385989 -78.04345999 -78.02301281 -78.00251815 -77.98197578
 -77.96138549 -77.94074705 -77.92006025 -77.89932486 -77.87854065
 -77.8577074  -77.83682488 -77.81589287 -77.79491112 -77.77387941
 -77.75279751 -77.73166517 -77.71048216 -77.68924824 -77.66796318
 -77.64662671 -77.62523862 -77.60379863 -77.58230652 -77.56076203
 -77.5391649  -77.51751489 -77.49581175 -77.4740552  -77.452245
 -77.43038089 -77.4084626  -77.38648987 -77.36446243 -77.34238002
 -77.32024236 -77.29804919 -77.27580023 -77.2534952  -77.23113383
 -77.20871584 -77.18624094 -77.16370886 -77.1411193  -77.11847198]
